0b000b01 0b001001 10000 10011 2800 150000000 26474 5582
0b000c01 0b001001 10000 10012 2800 150000000 26758 5582
0b000d01 0b001001 10000 10013 2800 150000000 27042 5582
0b000e01 0b001001 10000 10014 2800 150000000 27326 5582
0b000f01 0b001001 10000 10015 2800 150000000 27610 5582
0b001101 0b001001 10000 10017 2800 150000000 27894 5582
0b001201 0b001001 10000 10018 2800 150000000 28178 5582
0b001301 0b001001 10000 10019 2800 150000000 28462 5582
0b001401 0b001001 10000 10020 2800 150000000 28746 5582
0b001501 0b001001 10000 10021 2800 150000000 29030 5582
0b001601 0b001001 10000 10022 2800 150000000 29314 5582
0b001701 0b001001 10000 10023 2800 150000000 29598 5582
0b001801 0b001001 10000 10024 2800 150000000 29882 5582
0b001901 0b001001 10000 10025 2800 150000000 30166 5582
0b001a01 0b001001 10000 10026 2800 150000000 30450 5582
0b001b01 0b001001 10000 10027 2800 150000000 30734 5582
0b001c01 0b001001 10000 10028 2800 150000000 31018 5582
0b001d01 0b001001 10000 10029 2800 150000000 31302 5582
0b001e01 0b001001 10000 10030 2800 150000000 31586 5582
0b001f01 0b001001 10000 10031 2800 150000000 31870 5582
0b000001 0b001001 10001 10000 2800 150000000 43290 5582
0b000101 0b001001 10001 10001 2800 150000000 43574 5582
0b000201 0b001001 10001 10002 2800 150000000 43858 5582
0b000301 0b001001 10001 10003 2800 150000000 44142 5582
0b000401 0b001001 10001 10004 2800 150000000 44426 5582
0b000501 0b001001 10001 10005 2800 150000000 44710 5582
0b000601 0b001001 10001 10006 2800 150000000 44994 5582
0b000701 0b001001 10001 10007 2800 150000000 45278 5582
0b000801 0b001001 10001 10008 2800 150000000 45562 5582
0b000901 0b001001 10001 10009 2800 150000000 45846 5582
0b000a01 0b001001 10001 10010 2800 150000000 46130 5582
0b002101 0b001001 10000 10033 2800 150000000 98540 9742
0b002201 0b001001 10000 10034 2800 150000000 99172 9742
0b002401 0b001001 10000 10036 2800 150000000 99804 9742
0b002801 0b001001 10000 10040 2800 150000000 100784 9742
0b002b01 0b001001 10000 10043 2800 150000000 104896 9742
0b002c01 0b001001 10000 10044 2800 150000000 105180 9742
0b002d01 0b001001 10000 10045 2800 150000000 105812 9742
0b003001 0b001001 10000 10048 2800 150000000 106444 9742
0b003201 0b001001 10000 10050 2800 150000000 110208 9742
0b003301 0b001001 10000 10051 2800 150000000 111188 9742
0b002001 0b001001 10000 10032 2800 150000000 111472 9742
0b003401 0b001001 10000 10052 2800 150000000 111756 9742
0b002301 0b001001 10000 10035 2800 150000000 112040 9742
0b003501 0b001001 10000 10053 2800 150000000 112324 9742
0b002501 0b001001 10000 10037 2800 150000000 112608 9742
0b003801 0b001001 10000 10056 2800 150000000 112892 9742
0b002601 0b001001 10000 10038 2800 150000000 113176 9742
0b003f01 0b001001 10000 10063 2800 150000000 116244 9742
0b002701 0b001001 10000 10039 2800 150000000 116876 9742
0b002901 0b001001 10000 10041 2800 150000000 117160 9742
0b002a01 0b001001 10000 10042 2800 150000000 117444 9742
0b002e01 0b001001 10000 10046 2800 150000000 117728 9742
0b002f01 0b001001 10000 10047 2800 150000000 120448 9742
0b003101 0b001001 10000 10049 2800 150000000 121080 9742
0b003601 0b001001 10000 10054 2800 150000000 121364 9742
0b003701 0b001001 10000 10055 2800 150000000 121996 9742
0b003901 0b001001 10000 10057 2800 150000000 122280 9742
0b003a01 0b001001 10000 10058 2800 150000000 124652 9742
0b003b01 0b001001 10000 10059 2800 150000000 125284 9742
0b003c01 0b001001 10000 10060 2800 150000000 125568 9742
0b003d01 0b001001 10000 10061 2800 150000000 125852 9742
0b003e01 0b001001 10000 10062 2800 150000000 126136 9742
0b00c701 0b001001 10000 10199 2800 150000000 325398 29902
0b00c801 0b001001 10000 10200 2800 150000000 335426 29902
0b00c401 0b001001 10000 10196 2800 150000000 336754 29902
0b006601 0b001001 10000 10102 2800 150000000 339474 29902
0b004301 0b001001 10000 10067 2800 150000000 343934 29902
0b00ce01 0b001001 10000 10206 2800 150000000 347350 29902
0b00c501 0b001001 10000 10197 2800 150000000 348330 29902
0b004701 0b001001 10000 10071 2800 150000000 349310 29902
0b00a301 0b001001 10000 10163 2800 150000000 350986 29902
0b00d601 0b001001 10000 10214 2800 150000000 351618 29902
0b007201 0b001001 10000 10114 2800 150000000 353642 29902
0b00e001 0b001001 10000 10224 2800 150000000 354970 29902
0b00d801 0b001001 10000 10216 2800 150000000 356646 29902
0b004a01 0b001001 10000 10074 2800 150000000 359018 29902
0b00d201 0b001001 10000 10210 2800 150000000 359650 29902
0b00e401 0b001001 10000 10228 2800 150000000 360978 29902
0b006201 0b001001 10000 10098 2800 150000000 361262 29902
0b007301 0b001001 10000 10115 2800 150000000 361894 29902
0b00ac01 0b001001 10000 10172 2800 150000000 363918 29902
0b00d901 0b001001 10000 10217 2800 150000000 365942 29902
0b006301 0b001001 10000 10099 2800 150000000 366226 29902
0b004d01 0b001001 10000 10077 2800 150000000 366858 29902
0b008401 0b001001 10000 10132 2800 150000000 367142 29902
0b00b201 0b001001 10000 10178 2800 150000000 367774 29902
0b004e01 0b001001 10000 10078 2800 150000000 370146 29902
0b00d301 0b001001 10000 10211 2800 150000000 370778 29902
0b00e601 0b001001 10000 10230 2800 150000000 371758 29902
0b008301 0b001001 10000 10131 2800 150000000 373086 29902
0b00a001 0b001001 10000 10160 2800 150000000 374066 29902
0b007a01 0b001001 10000 10122 2800 150000000 374698 29902
0b00e201 0b001001 10000 10226 2800 150000000 376374 29902
0b008501 0b001001 10000 10133 2800 150000000 376658 29902
0b006401 0b001001 10000 10100 2800 150000000 376942 29902
0b00b601 0b001001 10000 10182 2800 150000000 377922 29902
0b005101 0b001001 10000 10081 2800 150000000 379946 29902
0b00e301 0b001001 10000 10227 2800 150000000 381622 29902
0b004001 0b001001 10000 10064 2800 150000000 382254 29902
0b00f001 0b001001 10000 10240 2800 150000000 382886 29902
0b008a01 0b001001 10000 10138 2800 150000000 383170 29902
0b00a201 0b001001 10000 10162 2800 150000000 384150 29902
0b00e701 0b001001 10000 10231 2800 150000000 384782 29902
0b008601 0b001001 10000 10134 2800 150000000 385066 29902
0b00da01 0b001001 10000 10218 2800 150000000 385350 29902
0b008701 0b001001 10000 10135 2800 150000000 385982 29902
0b005401 0b001001 10000 10084 2800 150000000 386266 29902
0b006b01 0b001001 10000 10107 2800 150000000 386898 29902
0b00b701 0b001001 10000 10183 2800 150000000 387530 29902
0b005601 0b001001 10000 10086 2800 150000000 389902 29902
0b006c01 0b001001 10000 10108 2800 150000000 390186 29902
0b008d01 0b001001 10000 10141 2800 150000000 391166 29902
0b008901 0b001001 10000 10137 2800 150000000 391450 29902
0b00b801 0b001001 10000 10184 2800 150000000 391734 29902
0b00e501 0b001001 10000 10229 2800 150000000 393410 29902
0b00ea01 0b001001 10000 10234 2800 150000000 393694 29902
0b004501 0b001001 10000 10069 2800 150000000 393978 29902
0b00a601 0b001001 10000 10166 2800 150000000 394610 29902
0b009101 0b001001 10000 10145 2800 150000000 395242 29902
0b008c01 0b001001 10000 10140 2800 150000000 395526 29902
0b004801 0b001001 10000 10072 2800 150000000 395810 29902
0b008801 0b001001 10000 10136 2800 150000000 396094 29902
0b00bf01 0b001001 10000 10191 2800 150000000 396726 29902
0b00db01 0b001001 10000 10219 2800 150000000 397706 29902
0b009801 0b001001 10000 10152 2800 150000000 398686 29902
0b006101 0b001001 10000 10097 2800 150000000 398970 29902
0b00a101 0b001001 10000 10161 2800 150000000 399602 29902
0b00ef01 0b001001 10000 10239 2800 150000000 399886 29902
0b00a701 0b001001 10000 10167 2800 150000000 400170 29902
0b004b01 0b001001 10000 10075 2800 150000000 400454 29902
0b00f201 0b001001 10000 10242 2800 150000000 401086 29902
0b00eb01 0b001001 10000 10235 2800 150000000 401718 29902
0b00e101 0b001001 10000 10225 2800 150000000 402002 29902
0b009d01 0b001001 10000 10157 2800 150000000 402982 29902
0b004601 0b001001 10000 10070 2800 150000000 403266 29902
0b00aa01 0b001001 10000 10170 2800 150000000 403550 29902
0b00a401 0b001001 10000 10164 2800 150000000 403834 29902
0b00fa01 0b001001 10000 10250 2800 150000000 404118 29902
0b00a801 0b001001 10000 10168 2800 150000000 404402 29902
0b007701 0b001001 10000 10119 2800 150000000 404686 29902
0b00fc01 0b001001 10000 10252 2800 150000000 404970 29902
0b00e801 0b001001 10000 10232 2800 150000000 405950 29902
0b00ee01 0b001001 10000 10238 2800 150000000 406234 29902
0b008001 0b001001 10000 10128 2800 150000000 406518 29902
0b004901 0b001001 10000 10073 2800 150000000 406802 29902
0b007801 0b001001 10000 10120 2800 150000000 407086 29902
0b00e901 0b001001 10000 10233 2800 150000000 407718 29902
0b009401 0b001001 10000 10148 2800 150000000 408002 29902
0b00ab01 0b001001 10000 10171 2800 150000000 408286 29902
0b008b01 0b001001 10000 10139 2800 150000000 408570 29902
0b004f01 0b001001 10000 10079 2800 150000000 408854 29902
0b006701 0b001001 10000 10103 2800 150000000 409138 29902
0b008101 0b001001 10000 10129 2800 150000000 409422 29902
0b00a501 0b001001 10000 10165 2800 150000000 409706 29902
0b007d01 0b001001 10000 10125 2800 150000000 409990 29902
0b00ae01 0b001001 10000 10174 2800 150000000 410274 29902
0b00ec01 0b001001 10000 10236 2800 150000000 410558 29902
0b008201 0b001001 10000 10130 2800 150000000 411190 29902
0b007e01 0b001001 10000 10126 2800 150000000 411822 29902
0b00fe01 0b001001 10000 10254 2800 150000000 412106 29902
0b00ed01 0b001001 10000 10237 2800 150000000 412390 29902
0b004c01 0b001001 10000 10076 2800 150000000 412674 29902
0b008e01 0b001001 10000 10142 2800 150000000 412958 29902
0b008f01 0b001001 10000 10143 2800 150000000 413242 29902
0b005201 0b001001 10000 10082 2800 150000000 413526 29902
0b00af01 0b001001 10000 10175 2800 150000000 413810 29902
0b00b901 0b001001 10000 10185 2800 150000000 414094 29902
0b005d01 0b001001 10000 10093 2800 150000000 414378 29902
0b009001 0b001001 10000 10144 2800 150000000 415010 29902
0b00f101 0b001001 10000 10241 2800 150000000 415294 29902
0b00f301 0b001001 10000 10243 2800 150000000 415578 29902
0b00c101 0b001001 10000 10193 2800 150000000 415862 29902
0b00ba01 0b001001 10000 10186 2800 150000000 416146 29902
0b005301 0b001001 10000 10083 2800 150000000 416430 29902
0b00f401 0b001001 10000 10244 2800 150000000 416714 29902
0b009301 0b001001 10000 10147 2800 150000000 416998 29902
0b009201 0b001001 10000 10146 2800 150000000 417282 29902
0b009701 0b001001 10000 10151 2800 150000000 417566 29902
0b00f501 0b001001 10000 10245 2800 150000000 417850 29902
0b009901 0b001001 10000 10153 2800 150000000 418482 29902
0b00f601 0b001001 10000 10246 2800 150000000 418766 29902
0b009b01 0b001001 10000 10155 2800 150000000 419050 29902
0b00c301 0b001001 10000 10195 2800 150000000 419334 29902
0b00fb01 0b001001 10000 10251 2800 150000000 419618 29902
0b006a01 0b001001 10000 10106 2800 150000000 419902 29902
0b009c01 0b001001 10000 10156 2800 150000000 420186 29902
0b00a901 0b001001 10000 10169 2800 150000000 420470 29902
0b009f01 0b001001 10000 10159 2800 150000000 420754 29902
0b009e01 0b001001 10000 10158 2800 150000000 421038 29902
0b00c601 0b001001 10000 10198 2800 150000000 421322 29902
0b005501 0b001001 10000 10085 2800 150000000 422302 29902
0b00ad01 0b001001 10000 10173 2800 150000000 422586 29902
0b00f701 0b001001 10000 10247 2800 150000000 422870 29902
0b009501 0b001001 10000 10149 2800 150000000 423154 29902
0b00b401 0b001001 10000 10180 2800 150000000 423438 29902
0b006d01 0b001001 10000 10109 2800 150000000 424070 29902
0b009601 0b001001 10000 10150 2800 150000000 424354 29902
0b00f801 0b001001 10000 10248 2800 150000000 424638 29902
0b004101 0b001001 10000 10065 2800 150000000 424922 29902
0b00b501 0b001001 10000 10181 2800 150000000 425206 29902
0b00b001 0b001001 10000 10176 2800 150000000 425490 29902
0b006f01 0b001001 10000 10111 2800 150000000 425774 29902
0b004201 0b001001 10000 10066 2800 150000000 426058 29902
0b00f901 0b001001 10000 10249 2800 150000000 426342 29902
0b009a01 0b001001 10000 10154 2800 150000000 426626 29902
0b00bb01 0b001001 10000 10187 2800 150000000 426910 29902
0b004401 0b001001 10000 10068 2800 150000000 427194 29902
0b00fd01 0b001001 10000 10253 2800 150000000 427478 29902
0b00cd01 0b001001 10000 10205 2800 150000000 427762 29902
0b007401 0b001001 10000 10116 2800 150000000 428046 29902
0b00b101 0b001001 10000 10177 2800 150000000 428330 29902
0b00c001 0b001001 10000 10192 2800 150000000 428614 29902
0b006001 0b001001 10000 10096 2800 150000000 428898 29902
0b005e01 0b001001 10000 10094 2800 150000000 429182 29902
0b00b301 0b001001 10000 10179 2800 150000000 429466 29902
0b00bd01 0b001001 10000 10189 2800 150000000 429750 29902
0b006501 0b001001 10000 10101 2800 150000000 430034 29902
0b00ff01 0b001001 10000 10255 2800 150000000 430318 29902
0b00d001 0b001001 10000 10208 2800 150000000 430602 29902
0b00c201 0b001001 10000 10194 2800 150000000 430886 29902
0b00bc01 0b001001 10000 10188 2800 150000000 431170 29902
0b00c901 0b001001 10000 10201 2800 150000000 431454 29902
0b006801 0b001001 10000 10104 2800 150000000 431738 29902
0b00ca01 0b001001 10000 10202 2800 150000000 432022 29902
0b00be01 0b001001 10000 10190 2800 150000000 432306 29902
0b007c01 0b001001 10000 10124 2800 150000000 432590 29902
0b005001 0b001001 10000 10080 2800 150000000 432874 29902
0b00cb01 0b001001 10000 10203 2800 150000000 433158 29902
0b00d401 0b001001 10000 10212 2800 150000000 433442 29902
0b007f01 0b001001 10000 10127 2800 150000000 433726 29902
0b006901 0b001001 10000 10105 2800 150000000 434010 29902
0b00cc01 0b001001 10000 10204 2800 150000000 434294 29902
0b005701 0b001001 10000 10087 2800 150000000 434578 29902
0b00cf01 0b001001 10000 10207 2800 150000000 434862 29902
0b00d701 0b001001 10000 10215 2800 150000000 435146 29902
0b00d101 0b001001 10000 10209 2800 150000000 435430 29902
0b006e01 0b001001 10000 10110 2800 150000000 435714 29902
0b00d501 0b001001 10000 10213 2800 150000000 435998 29902
0b00dc01 0b001001 10000 10220 2800 150000000 436282 29902
0b00dd01 0b001001 10000 10221 2800 150000000 436566 29902
0b005801 0b001001 10000 10088 2800 150000000 436850 29902
0b005901 0b001001 10000 10089 2800 150000000 437134 29902
0b00de01 0b001001 10000 10222 2800 150000000 437418 29902
0b007001 0b001001 10000 10112 2800 150000000 437702 29902
0b00df01 0b001001 10000 10223 2800 150000000 437986 29902
0b005a01 0b001001 10000 10090 2800 150000000 438270 29902
0b007101 0b001001 10000 10113 2800 150000000 438554 29902
0b005b01 0b001001 10000 10091 2800 150000000 438838 29902
0b005c01 0b001001 10000 10092 2800 150000000 439122 29902
0b007501 0b001001 10000 10117 2800 150000000 439406 29902
0b007601 0b001001 10000 10118 2800 150000000 439690 29902
0b005f01 0b001001 10000 10095 2800 150000000 439974 29902
0b007901 0b001001 10000 10121 2800 150000000 440258 29902
0b007b01 0b001001 10000 10123 2800 150000000 440542 29902
