0b000001 0b001001 10001 10000 2800 150000000 26264 5582
0b000b01 0b001001 10000 10011 2800 150000000 26548 5582
0b000c01 0b001001 10000 10012 2800 150000000 26832 5582
0b000d01 0b001001 10000 10013 2800 150000000 27116 5582
0b000e01 0b001001 10000 10014 2800 150000000 27400 5582
0b000f01 0b001001 10000 10015 2800 150000000 27684 5582
0b001101 0b001001 10000 10017 2800 150000000 27968 5582
0b001201 0b001001 10000 10018 2800 150000000 28252 5582
0b001301 0b001001 10000 10019 2800 150000000 28536 5582
0b001401 0b001001 10000 10020 2800 150000000 28820 5582
0b001501 0b001001 10000 10021 2800 150000000 29104 5582
0b001601 0b001001 10000 10022 2800 150000000 29388 5582
0b001701 0b001001 10000 10023 2800 150000000 29672 5582
0b001801 0b001001 10000 10024 2800 150000000 29956 5582
0b001901 0b001001 10000 10025 2800 150000000 30240 5582
0b001a01 0b001001 10000 10026 2800 150000000 30524 5582
0b001b01 0b001001 10000 10027 2800 150000000 30808 5582
0b001c01 0b001001 10000 10028 2800 150000000 31092 5582
0b001d01 0b001001 10000 10029 2800 150000000 31376 5582
0b001e01 0b001001 10000 10030 2800 150000000 31660 5582
0b001f01 0b001001 10000 10031 2800 150000000 31944 5582
0b000101 0b001001 10001 10001 2800 150000000 42668 5582
0b000201 0b001001 10001 10002 2800 150000000 42952 5582
0b000301 0b001001 10001 10003 2800 150000000 43236 5582
0b000401 0b001001 10001 10004 2800 150000000 43520 5582
0b000501 0b001001 10001 10005 2800 150000000 43804 5582
0b000601 0b001001 10001 10006 2800 150000000 44088 5582
0b000701 0b001001 10001 10007 2800 150000000 44372 5582
0b000801 0b001001 10001 10008 2800 150000000 44656 5582
0b000901 0b001001 10001 10009 2800 150000000 44940 5582
0b000a01 0b001001 10001 10010 2800 150000000 45224 5582
0b002101 0b001001 10000 10033 2800 150000000 94850 9742
0b002201 0b001001 10000 10034 2800 150000000 95482 9742
0b002401 0b001001 10000 10036 2800 150000000 96114 9742
0b002801 0b001001 10000 10040 2800 150000000 96746 9742
0b002b01 0b001001 10000 10043 2800 150000000 100510 9742
0b002c01 0b001001 10000 10044 2800 150000000 101142 9742
0b002d01 0b001001 10000 10045 2800 150000000 101774 9742
0b003001 0b001001 10000 10048 2800 150000000 102406 9742
0b003201 0b001001 10000 10050 2800 150000000 105822 9742
0b003301 0b001001 10000 10051 2800 150000000 106454 9742
0b002001 0b001001 10000 10032 2800 150000000 106738 9742
0b003401 0b001001 10000 10052 2800 150000000 107022 9742
0b002301 0b001001 10000 10035 2800 150000000 107654 9742
0b003501 0b001001 10000 10053 2800 150000000 107938 9742
0b002501 0b001001 10000 10037 2800 150000000 108222 9742
0b003801 0b001001 10000 10056 2800 150000000 108506 9742
0b002601 0b001001 10000 10038 2800 150000000 109138 9742
0b003f01 0b001001 10000 10063 2800 150000000 111858 9742
0b002701 0b001001 10000 10039 2800 150000000 112142 9742
0b002901 0b001001 10000 10041 2800 150000000 112426 9742
0b002a01 0b001001 10000 10042 2800 150000000 112710 9742
0b002e01 0b001001 10000 10046 2800 150000000 113342 9742
0b002f01 0b001001 10000 10047 2800 150000000 115714 9742
0b003101 0b001001 10000 10049 2800 150000000 115998 9742
0b003601 0b001001 10000 10054 2800 150000000 116282 9742
0b003701 0b001001 10000 10055 2800 150000000 116566 9742
0b003901 0b001001 10000 10057 2800 150000000 117198 9742
0b003a01 0b001001 10000 10058 2800 150000000 119570 9742
0b003b01 0b001001 10000 10059 2800 150000000 119854 9742
0b003c01 0b001001 10000 10060 2800 150000000 120486 9742
0b003d01 0b001001 10000 10061 2800 150000000 120770 9742
0b003e01 0b001001 10000 10062 2800 150000000 121054 9742
0b00c701 0b001001 10000 10199 2800 150000000 267768 29902
0b00c801 0b001001 10000 10200 2800 150000000 276056 29902
0b00c401 0b001001 10000 10196 2800 150000000 276688 29902
0b006601 0b001001 10000 10102 2800 150000000 279060 29902
0b004301 0b001001 10000 10067 2800 150000000 282476 29902
0b00ce01 0b001001 10000 10206 2800 150000000 285544 29902
0b00c501 0b001001 10000 10197 2800 150000000 286176 29902
0b004701 0b001001 10000 10071 2800 150000000 286808 29902
0b00a301 0b001001 10000 10163 2800 150000000 288832 29902
0b00d601 0b001001 10000 10214 2800 150000000 289464 29902
0b007201 0b001001 10000 10114 2800 150000000 290792 29902
0b00d801 0b001001 10000 10216 2800 150000000 293860 29902
0b00e001 0b001001 10000 10224 2800 150000000 294144 29902
0b004a01 0b001001 10000 10074 2800 150000000 295472 29902
0b00d201 0b001001 10000 10210 2800 150000000 296452 29902
0b006201 0b001001 10000 10098 2800 150000000 298128 29902
0b007301 0b001001 10000 10115 2800 150000000 298760 29902
0b00e401 0b001001 10000 10228 2800 150000000 299044 29902
0b00ac01 0b001001 10000 10172 2800 150000000 300024 29902
0b00d901 0b001001 10000 10217 2800 150000000 301700 29902
0b006301 0b001001 10000 10099 2800 150000000 301984 29902
0b004d01 0b001001 10000 10077 2800 150000000 302616 29902
0b00b201 0b001001 10000 10178 2800 150000000 303596 29902
0b008401 0b001001 10000 10132 2800 150000000 304924 29902
0b004e01 0b001001 10000 10078 2800 150000000 305208 29902
0b00d301 0b001001 10000 10211 2800 150000000 305840 29902
0b008301 0b001001 10000 10131 2800 150000000 307864 29902
0b00e601 0b001001 10000 10230 2800 150000000 308496 29902
0b00a001 0b001001 10000 10160 2800 150000000 308780 29902
0b007a01 0b001001 10000 10122 2800 150000000 309064 29902
0b00e201 0b001001 10000 10226 2800 150000000 310740 29902
0b006401 0b001001 10000 10100 2800 150000000 311372 29902
0b00b601 0b001001 10000 10182 2800 150000000 312004 29902
0b008501 0b001001 10000 10133 2800 150000000 312636 29902
0b005101 0b001001 10000 10081 2800 150000000 313616 29902
0b00e301 0b001001 10000 10227 2800 150000000 314944 29902
0b004001 0b001001 10000 10064 2800 150000000 315924 29902
0b008a01 0b001001 10000 10138 2800 150000000 316556 29902
0b00a201 0b001001 10000 10162 2800 150000000 317188 29902
0b00e701 0b001001 10000 10231 2800 150000000 317820 29902
0b00f001 0b001001 10000 10240 2800 150000000 318104 29902
0b00da01 0b001001 10000 10218 2800 150000000 318388 29902
0b005401 0b001001 10000 10084 2800 150000000 319020 29902
0b008601 0b001001 10000 10134 2800 150000000 319304 29902
0b006b01 0b001001 10000 10107 2800 150000000 319588 29902
0b008701 0b001001 10000 10135 2800 150000000 319872 29902
0b005601 0b001001 10000 10086 2800 150000000 322180 29902
0b006c01 0b001001 10000 10108 2800 150000000 322464 29902
0b008d01 0b001001 10000 10141 2800 150000000 323096 29902
0b00b801 0b001001 10000 10184 2800 150000000 323728 29902
0b008901 0b001001 10000 10137 2800 150000000 325056 29902
0b00ea01 0b001001 10000 10234 2800 150000000 325340 29902
0b00a601 0b001001 10000 10166 2800 150000000 325972 29902
0b00e501 0b001001 10000 10229 2800 150000000 326256 29902
0b009101 0b001001 10000 10145 2800 150000000 326540 29902
0b008c01 0b001001 10000 10140 2800 150000000 326824 29902
0b004801 0b001001 10000 10072 2800 150000000 327108 29902
0b00bf01 0b001001 10000 10191 2800 150000000 327740 29902
0b00db01 0b001001 10000 10219 2800 150000000 328720 29902
0b008801 0b001001 10000 10136 2800 150000000 329004 29902
0b009801 0b001001 10000 10152 2800 150000000 329288 29902
0b006101 0b001001 10000 10097 2800 150000000 329572 29902
0b00ef01 0b001001 10000 10239 2800 150000000 330552 29902
0b00a701 0b001001 10000 10167 2800 150000000 330836 29902
0b004b01 0b001001 10000 10075 2800 150000000 331120 29902
0b00a101 0b001001 10000 10161 2800 150000000 331752 29902
0b00f201 0b001001 10000 10242 2800 150000000 332036 29902
0b00eb01 0b001001 10000 10235 2800 150000000 332320 29902
0b00e101 0b001001 10000 10225 2800 150000000 332604 29902
0b009d01 0b001001 10000 10157 2800 150000000 332888 29902
0b00aa01 0b001001 10000 10170 2800 150000000 333520 29902
0b004601 0b001001 10000 10070 2800 150000000 333804 29902
0b00fa01 0b001001 10000 10250 2800 150000000 334088 29902
0b007701 0b001001 10000 10119 2800 150000000 334720 29902
0b00a801 0b001001 10000 10168 2800 150000000 335004 29902
0b00fc01 0b001001 10000 10252 2800 150000000 335636 29902
0b00a401 0b001001 10000 10164 2800 150000000 335920 29902
0b00e801 0b001001 10000 10232 2800 150000000 336204 29902
0b00ee01 0b001001 10000 10238 2800 150000000 336488 29902
0b008001 0b001001 10000 10128 2800 150000000 336772 29902
0b007801 0b001001 10000 10120 2800 150000000 337404 29902
0b004901 0b001001 10000 10073 2800 150000000 337688 29902
0b00e901 0b001001 10000 10233 2800 150000000 337972 29902
0b009401 0b001001 10000 10148 2800 150000000 338256 29902
0b00ab01 0b001001 10000 10171 2800 150000000 338540 29902
0b004f01 0b001001 10000 10079 2800 150000000 339520 29902
0b006701 0b001001 10000 10103 2800 150000000 339804 29902
0b008101 0b001001 10000 10129 2800 150000000 340088 29902
0b008b01 0b001001 10000 10139 2800 150000000 340372 29902
0b007d01 0b001001 10000 10125 2800 150000000 340656 29902
0b00ae01 0b001001 10000 10174 2800 150000000 340940 29902
0b00ec01 0b001001 10000 10236 2800 150000000 341224 29902
0b00a501 0b001001 10000 10165 2800 150000000 341508 29902
0b008201 0b001001 10000 10130 2800 150000000 341792 29902
0b007e01 0b001001 10000 10126 2800 150000000 342076 29902
0b00ed01 0b001001 10000 10237 2800 150000000 343056 29902
0b008e01 0b001001 10000 10142 2800 150000000 343688 29902
0b004c01 0b001001 10000 10076 2800 150000000 343972 29902
0b00fe01 0b001001 10000 10254 2800 150000000 344540 29902
0b00b901 0b001001 10000 10185 2800 150000000 344824 29902
0b00af01 0b001001 10000 10175 2800 150000000 345108 29902
0b005d01 0b001001 10000 10093 2800 150000000 345392 29902
0b008f01 0b001001 10000 10143 2800 150000000 345676 29902
0b009001 0b001001 10000 10144 2800 150000000 345960 29902
0b00f101 0b001001 10000 10241 2800 150000000 346244 29902
0b00f301 0b001001 10000 10243 2800 150000000 346528 29902
0b00ba01 0b001001 10000 10186 2800 150000000 347160 29902
0b005301 0b001001 10000 10083 2800 150000000 347444 29902
0b00f401 0b001001 10000 10244 2800 150000000 347728 29902
0b009201 0b001001 10000 10146 2800 150000000 348296 29902
0b009701 0b001001 10000 10151 2800 150000000 348580 29902
0b00f501 0b001001 10000 10245 2800 150000000 348864 29902
0b009301 0b001001 10000 10147 2800 150000000 349148 29902
0b009901 0b001001 10000 10153 2800 150000000 349432 29902
0b00f601 0b001001 10000 10246 2800 150000000 349716 29902
0b009b01 0b001001 10000 10155 2800 150000000 350000 29902
0b00fb01 0b001001 10000 10251 2800 150000000 350632 29902
0b006a01 0b001001 10000 10106 2800 150000000 350916 29902
0b009c01 0b001001 10000 10156 2800 150000000 351200 29902
0b00c301 0b001001 10000 10195 2800 150000000 351484 29902
0b009e01 0b001001 10000 10158 2800 150000000 352052 29902
0b00a901 0b001001 10000 10169 2800 150000000 352336 29902
0b00c601 0b001001 10000 10198 2800 150000000 352968 29902
0b005501 0b001001 10000 10085 2800 150000000 353252 29902
0b00f701 0b001001 10000 10247 2800 150000000 353884 29902
0b00ad01 0b001001 10000 10173 2800 150000000 354168 29902
0b00b401 0b001001 10000 10180 2800 150000000 354452 29902
0b009501 0b001001 10000 10149 2800 150000000 354736 29902
0b006d01 0b001001 10000 10109 2800 150000000 355020 29902
0b00f801 0b001001 10000 10248 2800 150000000 355652 29902
0b009601 0b001001 10000 10150 2800 150000000 355936 29902
0b00b501 0b001001 10000 10181 2800 150000000 356220 29902
0b004101 0b001001 10000 10065 2800 150000000 356504 29902
0b006f01 0b001001 10000 10111 2800 150000000 356788 29902
0b00b001 0b001001 10000 10176 2800 150000000 357072 29902
0b00f901 0b001001 10000 10249 2800 150000000 357356 29902
0b004201 0b001001 10000 10066 2800 150000000 357640 29902
0b00bb01 0b001001 10000 10187 2800 150000000 357924 29902
0b009a01 0b001001 10000 10154 2800 150000000 358208 29902
0b00fd01 0b001001 10000 10253 2800 150000000 358492 29902
0b004401 0b001001 10000 10068 2800 150000000 358776 29902
0b007401 0b001001 10000 10116 2800 150000000 359060 29902
0b00cd01 0b001001 10000 10205 2800 150000000 359344 29902
0b00c001 0b001001 10000 10192 2800 150000000 359628 29902
0b00b101 0b001001 10000 10177 2800 150000000 359912 29902
0b005e01 0b001001 10000 10094 2800 150000000 360196 29902
0b006001 0b001001 10000 10096 2800 150000000 360480 29902
0b00bd01 0b001001 10000 10189 2800 150000000 360764 29902
0b00b301 0b001001 10000 10179 2800 150000000 361048 29902
0b00ff01 0b001001 10000 10255 2800 150000000 361332 29902
0b006501 0b001001 10000 10101 2800 150000000 361616 29902
0b00c201 0b001001 10000 10194 2800 150000000 361900 29902
0b00d001 0b001001 10000 10208 2800 150000000 362184 29902
0b00c901 0b001001 10000 10201 2800 150000000 362468 29902
0b00bc01 0b001001 10000 10188 2800 150000000 362752 29902
0b00ca01 0b001001 10000 10202 2800 150000000 363036 29902
0b006801 0b001001 10000 10104 2800 150000000 363320 29902
0b007c01 0b001001 10000 10124 2800 150000000 363604 29902
0b00be01 0b001001 10000 10190 2800 150000000 363888 29902
0b00cb01 0b001001 10000 10203 2800 150000000 364172 29902
0b005001 0b001001 10000 10080 2800 150000000 364456 29902
0b007f01 0b001001 10000 10127 2800 150000000 364740 29902
0b00d401 0b001001 10000 10212 2800 150000000 365024 29902
0b00cc01 0b001001 10000 10204 2800 150000000 365308 29902
0b006901 0b001001 10000 10105 2800 150000000 365592 29902
0b00cf01 0b001001 10000 10207 2800 150000000 365876 29902
0b005701 0b001001 10000 10087 2800 150000000 366160 29902
0b00d101 0b001001 10000 10209 2800 150000000 366444 29902
0b00d701 0b001001 10000 10215 2800 150000000 366728 29902
0b00d501 0b001001 10000 10213 2800 150000000 367012 29902
0b006e01 0b001001 10000 10110 2800 150000000 367296 29902
0b00dd01 0b001001 10000 10221 2800 150000000 367580 29902
0b00dc01 0b001001 10000 10220 2800 150000000 367864 29902
0b005801 0b001001 10000 10088 2800 150000000 368148 29902
0b005901 0b001001 10000 10089 2800 150000000 368432 29902
0b00de01 0b001001 10000 10222 2800 150000000 368716 29902
0b007001 0b001001 10000 10112 2800 150000000 369000 29902
0b00df01 0b001001 10000 10223 2800 150000000 369284 29902
0b005a01 0b001001 10000 10090 2800 150000000 369568 29902
0b007101 0b001001 10000 10113 2800 150000000 369852 29902
0b005b01 0b001001 10000 10091 2800 150000000 370136 29902
0b005c01 0b001001 10000 10092 2800 150000000 370420 29902
0b007501 0b001001 10000 10117 2800 150000000 370704 29902
0b007601 0b001001 10000 10118 2800 150000000 370988 29902
0b005f01 0b001001 10000 10095 2800 150000000 371272 29902
0b007901 0b001001 10000 10121 2800 150000000 371556 29902
0b007b01 0b001001 10000 10123 2800 150000000 371840 29902
0b00b701 0b001001 10000 10183 2800 150000000 386740 29902
